5500
64 154
25 46
76 144
76 110
23 50
72 115
33 95
29 157
79 28
31 63
79 129
77 187
52 174
26 79
40 195
64 91
72 175
27 129
94 72
55 165
98 169
59 165
34 106
33 141
10 106
99 154
95 70
92 181
49 101
82 66
18 70
78 82
44 96
82 148
96 82
33 144
36 45
62 74
12 90
96 163
43 75
77 172
75 161
10 161
55 156
63 73
85 175
88 175
64 78
92 83
13 117
71 25
28 127
18 137
35 126
52 181
19 122
70 102
26 179
30 45
57 185
72 47
31 109
23 52
69 35
54 166
79 55
23 135
57 116
14 168
55 72
47 192
91 50
38 110
73 185
29 163
79 80
45 163
29 118
62 71
30 67
91 59
48 47
50 194
36 126
66 197
35 114
61 39
76 77
46 149
82 56
71 151
13 68
15 44
12 112
72 109
39 89
14 59
63 105
79 92
70 140
43 48
49 135
98 129
81 28
99 44
94 170
42 134
75 187
90 48
94 143
61 126
33 113
16 68
13 132
18 154
73 126
45 36
18 109
19 70
14 190
34 22
41 112
10 94
100 43
28 159
54 178
28 131
69 164
35 124
55 131
70 20
98 171
60 115
33 112
43 183
24 42
17 119
35 53
11 187
39 189
31 151
24 94
73 187
75 177
14 60
11 95
40 142
35 32
62 33
72 170
33 155
46 177
58 84
44 104
43 129
64 195
36 58
100 108
80 144
47 187
39 123
90 146
28 165
13 28
76 196
87 58
85 191
65 132
63 151
83 184
38 51
91 33
23 127
63 166
89 146
18 68
55 70
54 101
72 186
25 142
91 43
47 43
12 35
18 107
20 181
50 41
98 172
65 181
64 87
95 20
45 53
63 113
74 43
35 122
25 135
93 163
83 173
89 159
67 20
56 91
20 135
14 137
90 126
45 133
96 174
14 154
69 75
10 78
98 152
64 131
30 172
28 32
52 58
83 53
94 55
89 182
62 195
99 129
13 33
44 153
38 104
80 38
51 118
70 106
71 192
26 176
33 20
96 48
38 194
31 92
93 63
36 67
91 65
23 180
62 135
35 197
55 197
17 111
82 170
12 174
21 151
19 175
54 76
47 62
70 177
45 23
84 26
39 165
76 174
81 180
89 199
43 118
86 23
66 146
35 171
15 169
48 164
92 90
94 29
13 31
59 110
71 42
55 113
11 36
31 103
87 50
38 21
16 133
80 145
51 25
90 74
54 118
88 171
78 135
94 41
22 178
92 158
18 177
44 32
24 149
63 124
46 95
53 77
55 128
98 193
62 122
38 87
24 148
11 89
86 177
86 147
13 171
92 68
84 126
53 147
83 197
99 143
53 189
38 115
42 136
98 154
46 150
67 61
43 191
40 90
94 187
44 34
49 102
53 175
17 49
38 52
31 182
92 141
74 77
74 107
54 49
63 126
74 200
97 59
89 116
19 67
67 107
68 97
90 136
36 106
61 194
71 87
85 35
14 41
22 156
76 92
94 170
25 96
59 168
64 183
67 137
46 133
47 78
18 59
26 189
63 55
30 23
14 147
60 59
49 62
18 108
88 144
45 144
66 112
94 52
25 64
42 107
64 88
79 110
40 139
42 98
80 126
56 161
94 105
54 65
87 41
62 94
16 116
48 181
80 172
50 116
88 126
37 112
93 177
47 191
50 87
42 126
53 157
18 20
91 66
46 66
21 24
95 23
84 154
52 144
95 56
42 131
78 76
73 117
56 153
38 123
33 164
98 36
75 192
41 148
66 126
69 184
44 160
25 97
27 66
100 32
19 100
47 172
46 66
12 83
54 176
14 53
96 31
78 197
87 39
59 38
94 136
60 111
95 175
14 85
78 42
67 145
72 129
58 62
14 83
51 27
58 126
99 44
58 50
17 124
38 84
33 78
67 156
59 142
42 28
27 188
51 198
52 113
85 99
67 147
36 82
77 62
30 86
99 131
41 194
15 186
64 97
98 166
93 176
20 148
35 60
39 70
47 107
91 20
73 125
11 131
20 184
55 47
94 183
12 163
43 67
76 197
42 121
34 28
38 101
71 73
31 136
68 173
43 89
23 110
48 33
73 34
81 77
13 105
92 98
68 76
17 84
78 120
76 57
50 175
94 190
76 135
79 66
34 134
61 48
49 31
43 20
11 173
80 196
28 184
79 144
82 190
38 132
68 118
55 190
31 24
56 140
12 92
78 110
63 111
13 68
49 59
32 166
88 118
35 145
95 189
16 20
60 56
50 42
37 104
53 191
54 101
47 86
99 75
48 66
39 116
51 128
24 122
74 99
63 130
88 140
38 124
97 191
90 179
52 175
72 149
18 130
93 106
13 112
56 48
38 162
36 169
12 93
68 98
88 181
72 166
36 117
48 184
22 131
97 43
69 115
31 85
28 134
85 111
80 47
32 169
67 121
43 135
67 94
24 52
33 27
81 111
69 74
14 91
13 112
44 123
82 62
73 59
70 127
36 184
43 92
77 44
45 199
21 110
93 61
11 177
17 25
68 168
15 190
68 133
19 47
19 31
90 152
80 25
79 189
90 188
52 51
51 100
29 28
57 141
67 153
12 43
74 59
10 132
51 133
36 45
25 88
69 92
63 130
49 56
55 26
54 119
48 54
43 195
73 118
64 40
55 42
83 68
35 51
96 43
29 117
64 129
93 58
100 67
31 60
90 73
81 110
16 195
51 124
15 67
49 157
83 185
28 161
86 139
45 175
53 42
31 138
17 131
88 108
19 116
25 113
74 132
92 160
70 156
89 30
83 35
96 199
92 152
76 197
75 73
31 171
75 198
20 68
91 80
53 57
63 200
51 39
62 108
59 196
48 114
42 134
67 100
74 82
90 58
99 106
30 68
60 52
100 180
21 87
52 95
79 81
97 73
53 29
41 141
55 78
59 111
73 170
65 51
54 98
83 35
54 69
37 122
84 156
95 126
80 133
26 33
18 88
62 180
57 136
90 25
76 79
64 85
45 121
77 163
91 51
76 101
56 143
28 130
62 176
23 76
89 173
26 68
76 118
50 183
51 165
80 152
79 119
19 195
63 129
17 31
14 173
21 151
40 192
64 46
90 108
29 146
79 196
82 135
21 31
63 40
66 129
44 59
95 170
14 38
79 163
34 36
17 157
51 104
61 66
58 140
31 67
37 85
17 113
85 191
31 160
84 162
44 90
61 45
50 28
23 104
21 68
48 196
34 63
50 110
19 71
86 196
12 173
100 140
46 49
99 142
86 127
78 29
97 38
54 59
100 41
59 171
38 199
41 32
100 179
27 157
21 98
16 84
100 165
33 103
20 131
15 55
33 139
68 52
97 187
98 138
55 23
12 108
83 75
84 137
91 37
82 145
10 138
73 196
88 74
80 50
80 163
70 183
17 166
22 91
87 132
61 86
78 174
60 176
17 50
64 67
61 81
23 148
96 55
25 138
90 150
39 87
43 125
97 149
42 43
42 77
40 74
86 66
34 46
90 181
75 44
79 44
11 44
65 65
36 60
66 118
72 62
18 51
83 140
90 128
13 199
84 147
65 65
30 51
61 163
33 186
72 65
10 182
53 138
34 198
98 181
62 120
93 57
56 173
41 149
79 158
85 195
90 123
30 78
35 91
34 92
84 137
77 78
66 104
78 71
96 28
11 49
47 113
67 83
35 198
71 199
53 117
72 86
98 95
83 134
38 131
24 55
87 111
83 199
65 30
19 160
39 148
75 113
73 46
60 185
27 45
16 130
13 147
26 37
76 33
89 54
92 23
57 150
12 184
66 59
57 188
36 57
46 31
41 71
51 153
73 52
31 120
61 108
92 154
53 68
10 124
39 180
79 40
59 132
84 153
28 144
56 63
12 39
67 68
66 110
35 138
16 73
15 145
70 197
93 152
59 24
58 190
68 130
52 142
94 39
100 102
69 159
80 182
38 33
86 196
82 62
97 105
31 127
95 78
82 195
13 181
97 145
45 165
63 126
48 176
11 52
56 79
86 194
85 156
94 127
17 130
21 79
14 125
56 154
52 183
100 133
52 189
91 117
37 25
78 29
73 28
47 119
94 45
66 132
75 79
12 198
66 81
92 120
83 119
54 25
36 80
52 39
74 161
50 130
72 139
73 88
29 129
24 177
38 71
87 152
31 130
88 58
86 112
84 176
29 185
15 110
68 82
16 133
55 193
17 35
22 60
15 104
92 184
36 94
97 56
100 95
14 142
80 78
52 140
10 128
22 95
88 155
51 51
10 169
16 145
77 181
97 67
37 77
11 77
82 75
98 84
33 65
16 103
100 83
73 109
10 112
59 62
84 23
73 135
12 22
74 89
52 67
66 70
58 171
60 187
59 26
25 27
87 74
65 53
63 196
84 116
85 82
50 54
60 198
13 109
47 108
30 27
32 39
66 67
89 61
21 134
56 106
70 146
34 170
54 144
93 61
34 52
37 168
51 194
45 185
80 48
17 40
11 116
19 30
94 31
57 47
45 104
40 58
11 196
19 43
